             * c:\users\aryas\esim-workspace\switch_a\switch_a.cir
             Transient Analysis  Thu Nov  7 08:55:11  2024
--------------------------------------------------------------------------------
Index   time            V(vin_2)        
--------------------------------------------------------------------------------
0	0.000000e+00	2.000000e+00	
1	1.000000e-09	2.000000e+00	
2	2.000000e-09	2.000000e+00	
3	4.000000e-09	2.000000e+00	
4	8.000000e-09	2.000000e+00	
5	1.600000e-08	2.000000e+00	
6	3.200000e-08	2.000000e+00	
7	6.400000e-08	2.000000e+00	
8	9.502764e-08	2.000000e+00	
9	1.000000e-07	2.000000e+00	
10	1.028968e-07	2.000000e+00	
11	1.086903e-07	2.000000e+00	
12	1.202774e-07	2.000000e+00	
13	1.434515e-07	2.000000e+00	
14	1.897997e-07	2.000000e+00	
15	2.824962e-07	2.000000e+00	
16	3.824962e-07	2.000000e+00	
17	4.824962e-07	2.000000e+00	
18	5.824962e-07	2.000000e+00	
19	6.824962e-07	2.000000e+00	
20	7.824962e-07	2.000000e+00	
21	8.824962e-07	2.000000e+00	
22	9.824962e-07	2.000000e+00	
23	1.082496e-06	2.000000e+00	
24	1.182496e-06	2.000000e+00	
25	1.282496e-06	2.000000e+00	
26	1.382496e-06	2.000000e+00	
27	1.482496e-06	2.000000e+00	
28	1.582496e-06	2.000000e+00	
29	1.682496e-06	2.000000e+00	
30	1.782496e-06	2.000000e+00	
31	1.882496e-06	2.000000e+00	
32	1.982496e-06	2.000000e+00	
33	2.082496e-06	2.000000e+00	
34	2.182496e-06	2.000000e+00	
35	2.282496e-06	2.000000e+00	
36	2.382496e-06	2.000000e+00	
37	2.482496e-06	2.000000e+00	
38	2.582496e-06	2.000000e+00	
39	2.682496e-06	2.000000e+00	
40	2.782496e-06	2.000000e+00	
41	2.882496e-06	2.000000e+00	
42	2.982496e-06	2.000000e+00	
43	3.082496e-06	2.000000e+00	
44	3.182496e-06	2.000000e+00	
45	3.282496e-06	2.000000e+00	
46	3.382496e-06	2.000000e+00	
47	3.482496e-06	2.000000e+00	
48	3.582496e-06	2.000000e+00	
49	3.682496e-06	2.000000e+00	
50	3.782496e-06	2.000000e+00	
51	3.882496e-06	2.000000e+00	
52	3.982496e-06	2.000000e+00	
53	4.082496e-06	2.000000e+00	
54	4.182496e-06	2.000000e+00	

Index   time            V(vin_2)        
--------------------------------------------------------------------------------
55	4.282496e-06	2.000000e+00	
56	4.382496e-06	2.000000e+00	
57	4.482496e-06	2.000000e+00	
58	4.582496e-06	2.000000e+00	
59	4.682496e-06	2.000000e+00	
60	4.782496e-06	2.000000e+00	
61	4.882496e-06	2.000000e+00	
62	4.982496e-06	2.000000e+00	
63	5.082496e-06	2.000000e+00	
64	5.100000e-06	2.000000e+00	
65	5.106548e-06	2.000000e+00	
66	5.119644e-06	2.000000e+00	
67	5.129220e-06	2.000000e+00	
68	5.137117e-06	2.000000e+00	
69	5.145560e-06	2.000000e+00	
70	5.155397e-06	2.000000e+00	
71	5.175071e-06	2.000000e+00	
72	5.200000e-06	2.000000e+00	
73	5.203935e-06	2.000000e+00	
74	5.211805e-06	2.000000e+00	
75	5.227544e-06	2.000000e+00	
76	5.259023e-06	2.000000e+00	
77	5.321980e-06	2.000000e+00	
78	5.421980e-06	2.000000e+00	
79	5.521980e-06	2.000000e+00	
80	5.621980e-06	2.000000e+00	
81	5.721980e-06	2.000000e+00	
82	5.821980e-06	2.000000e+00	
83	5.921980e-06	2.000000e+00	
84	6.021980e-06	2.000000e+00	
85	6.121980e-06	2.000000e+00	
86	6.221980e-06	2.000000e+00	
87	6.321980e-06	2.000000e+00	
88	6.421980e-06	2.000000e+00	
89	6.521980e-06	2.000000e+00	
90	6.621980e-06	2.000000e+00	
91	6.721980e-06	2.000000e+00	
92	6.821980e-06	2.000000e+00	
93	6.921980e-06	2.000000e+00	
94	7.021980e-06	2.000000e+00	
95	7.121980e-06	2.000000e+00	
96	7.221980e-06	2.000000e+00	
97	7.321980e-06	2.000000e+00	
98	7.421980e-06	2.000000e+00	
99	7.521980e-06	2.000000e+00	
100	7.621980e-06	2.000000e+00	
101	7.721980e-06	2.000000e+00	
102	7.821980e-06	2.000000e+00	
103	7.921980e-06	2.000000e+00	
104	8.021980e-06	2.000000e+00	
105	8.121980e-06	2.000000e+00	
106	8.221980e-06	2.000000e+00	
107	8.321980e-06	2.000000e+00	
108	8.421980e-06	2.000000e+00	
109	8.521980e-06	2.000000e+00	
110	8.621980e-06	2.000000e+00	
111	8.721980e-06	2.000000e+00	
112	8.821980e-06	2.000000e+00	

Index   time            V(vin_2)        
--------------------------------------------------------------------------------
113	8.921980e-06	2.000000e+00	
114	9.021980e-06	2.000000e+00	
115	9.121980e-06	2.000000e+00	
116	9.221980e-06	2.000000e+00	
117	9.321980e-06	2.000000e+00	
118	9.421980e-06	2.000000e+00	
119	9.521980e-06	2.000000e+00	
120	9.621980e-06	2.000000e+00	
121	9.721980e-06	2.000000e+00	
122	9.821980e-06	2.000000e+00	
123	9.921980e-06	2.000000e+00	
124	1.000000e-05	2.000000e+00	
125	1.001000e-05	2.000000e+00	
126	1.003000e-05	2.000000e+00	
127	1.007000e-05	2.000000e+00	
128	1.010000e-05	2.000000e+00	
129	1.010246e-05	2.000000e+00	
130	1.010738e-05	2.000000e+00	
131	1.011722e-05	2.000000e+00	
132	1.013690e-05	2.000000e+00	
133	1.017625e-05	2.000000e+00	
134	1.025497e-05	2.000000e+00	
135	1.035497e-05	2.000000e+00	
136	1.045497e-05	2.000000e+00	
137	1.055497e-05	2.000000e+00	
138	1.065497e-05	2.000000e+00	
139	1.075497e-05	2.000000e+00	
140	1.085497e-05	2.000000e+00	
141	1.095497e-05	2.000000e+00	
142	1.105497e-05	2.000000e+00	
143	1.115497e-05	2.000000e+00	
144	1.125497e-05	2.000000e+00	
145	1.135497e-05	2.000000e+00	
146	1.145497e-05	2.000000e+00	
147	1.155497e-05	2.000000e+00	
148	1.165497e-05	2.000000e+00	
149	1.175497e-05	2.000000e+00	
150	1.185497e-05	2.000000e+00	
151	1.195497e-05	2.000000e+00	
152	1.205497e-05	2.000000e+00	
153	1.215497e-05	2.000000e+00	
154	1.225497e-05	2.000000e+00	
155	1.235497e-05	2.000000e+00	
156	1.245497e-05	2.000000e+00	
157	1.255497e-05	2.000000e+00	
158	1.265497e-05	2.000000e+00	
159	1.275497e-05	2.000000e+00	
160	1.285497e-05	2.000000e+00	
161	1.295497e-05	2.000000e+00	
162	1.305497e-05	2.000000e+00	
163	1.315497e-05	2.000000e+00	
164	1.325497e-05	2.000000e+00	
165	1.335497e-05	2.000000e+00	
166	1.345497e-05	2.000000e+00	
167	1.355497e-05	2.000000e+00	
168	1.365497e-05	2.000000e+00	
169	1.375497e-05	2.000000e+00	
170	1.385497e-05	2.000000e+00	

Index   time            V(vin_2)        
--------------------------------------------------------------------------------
171	1.395497e-05	2.000000e+00	
172	1.405497e-05	2.000000e+00	
173	1.415497e-05	2.000000e+00	
174	1.425497e-05	2.000000e+00	
175	1.435497e-05	2.000000e+00	
176	1.445497e-05	2.000000e+00	
177	1.455497e-05	2.000000e+00	
178	1.465497e-05	2.000000e+00	
179	1.475497e-05	2.000000e+00	
180	1.485497e-05	2.000000e+00	
181	1.495497e-05	2.000000e+00	
182	1.505497e-05	2.000000e+00	
183	1.510000e-05	2.000000e+00	
184	1.511000e-05	2.000000e+00	
185	1.513000e-05	2.000000e+00	
186	1.514060e-05	2.000000e+00	
187	1.515128e-05	2.000000e+00	
188	1.516666e-05	2.000000e+00	
189	1.519740e-05	2.000000e+00	
190	1.520000e-05	2.000000e+00	
191	1.520265e-05	2.000000e+00	
192	1.520794e-05	2.000000e+00	
193	1.521804e-05	2.000000e+00	
194	1.523826e-05	2.000000e+00	
195	1.527869e-05	2.000000e+00	
196	1.535955e-05	2.000000e+00	
197	1.545955e-05	2.000000e+00	
198	1.555955e-05	2.000000e+00	
199	1.565955e-05	2.000000e+00	
200	1.575955e-05	2.000000e+00	
201	1.585955e-05	2.000000e+00	
202	1.595955e-05	2.000000e+00	
203	1.605955e-05	2.000000e+00	
204	1.615955e-05	2.000000e+00	
205	1.625955e-05	2.000000e+00	
206	1.635955e-05	2.000000e+00	
207	1.645955e-05	2.000000e+00	
208	1.655955e-05	2.000000e+00	
209	1.665955e-05	2.000000e+00	
210	1.675955e-05	2.000000e+00	
211	1.685955e-05	2.000000e+00	
212	1.695955e-05	2.000000e+00	
213	1.705955e-05	2.000000e+00	
214	1.715955e-05	2.000000e+00	
215	1.725955e-05	2.000000e+00	
216	1.735955e-05	2.000000e+00	
217	1.745955e-05	2.000000e+00	
218	1.755955e-05	2.000000e+00	
219	1.765955e-05	2.000000e+00	
220	1.775955e-05	2.000000e+00	
221	1.785955e-05	2.000000e+00	
222	1.795955e-05	2.000000e+00	
223	1.805955e-05	2.000000e+00	
224	1.815955e-05	2.000000e+00	
225	1.825955e-05	2.000000e+00	
226	1.835955e-05	2.000000e+00	
227	1.845955e-05	2.000000e+00	
228	1.855955e-05	2.000000e+00	

Index   time            V(vin_2)        
--------------------------------------------------------------------------------
229	1.865955e-05	2.000000e+00	
230	1.875955e-05	2.000000e+00	
231	1.885955e-05	2.000000e+00	
232	1.895955e-05	2.000000e+00	
233	1.905955e-05	2.000000e+00	
234	1.915955e-05	2.000000e+00	
235	1.925955e-05	2.000000e+00	
236	1.935955e-05	2.000000e+00	
237	1.945955e-05	2.000000e+00	
238	1.955955e-05	2.000000e+00	
239	1.965955e-05	2.000000e+00	
240	1.975955e-05	2.000000e+00	
241	1.985955e-05	2.000000e+00	
242	1.995955e-05	2.000000e+00	
243	2.000000e-05	2.000000e+00	
244	2.001000e-05	2.000000e+00	
245	2.003000e-05	2.000000e+00	
246	2.007000e-05	2.000000e+00	
247	2.010000e-05	2.000000e+00	
248	2.010246e-05	2.000000e+00	
249	2.010739e-05	2.000000e+00	
250	2.011723e-05	2.000000e+00	
251	2.013693e-05	2.000000e+00	
252	2.017632e-05	2.000000e+00	
253	2.025509e-05	2.000000e+00	
254	2.035509e-05	2.000000e+00	
255	2.045509e-05	2.000000e+00	
256	2.055509e-05	2.000000e+00	
257	2.065509e-05	2.000000e+00	
258	2.075509e-05	2.000000e+00	
259	2.085509e-05	2.000000e+00	
260	2.095509e-05	2.000000e+00	
261	2.105509e-05	2.000000e+00	
262	2.115509e-05	2.000000e+00	
263	2.125509e-05	2.000000e+00	
264	2.135509e-05	2.000000e+00	
265	2.145509e-05	2.000000e+00	
266	2.155509e-05	2.000000e+00	
267	2.165509e-05	2.000000e+00	
268	2.175509e-05	2.000000e+00	
269	2.185509e-05	2.000000e+00	
270	2.195509e-05	2.000000e+00	
271	2.205509e-05	2.000000e+00	
272	2.215509e-05	2.000000e+00	
273	2.225509e-05	2.000000e+00	
274	2.235509e-05	2.000000e+00	
275	2.245509e-05	2.000000e+00	
276	2.255509e-05	2.000000e+00	
277	2.265509e-05	2.000000e+00	
278	2.275509e-05	2.000000e+00	
279	2.285509e-05	2.000000e+00	
280	2.295509e-05	2.000000e+00	
281	2.305509e-05	2.000000e+00	
282	2.315509e-05	2.000000e+00	
283	2.325509e-05	2.000000e+00	
284	2.335509e-05	2.000000e+00	
285	2.345509e-05	2.000000e+00	
286	2.355509e-05	2.000000e+00	

Index   time            V(vin_2)        
--------------------------------------------------------------------------------
287	2.365509e-05	2.000000e+00	
288	2.375509e-05	2.000000e+00	
289	2.385509e-05	2.000000e+00	
290	2.395509e-05	2.000000e+00	
291	2.405509e-05	2.000000e+00	
292	2.415509e-05	2.000000e+00	
293	2.425509e-05	2.000000e+00	
294	2.435509e-05	2.000000e+00	
295	2.445509e-05	2.000000e+00	
296	2.455509e-05	2.000000e+00	
297	2.465509e-05	2.000000e+00	
298	2.475509e-05	2.000000e+00	
299	2.485509e-05	2.000000e+00	
300	2.495509e-05	2.000000e+00	
301	2.505509e-05	2.000000e+00	
302	2.510000e-05	2.000000e+00	
303	2.511000e-05	2.000000e+00	
304	2.513000e-05	2.000000e+00	
305	2.514060e-05	2.000000e+00	
306	2.515128e-05	2.000000e+00	
307	2.516666e-05	2.000000e+00	
308	2.519740e-05	2.000000e+00	
309	2.520000e-05	2.000000e+00	
310	2.520265e-05	2.000000e+00	
311	2.520794e-05	2.000000e+00	
312	2.521805e-05	2.000000e+00	
313	2.523827e-05	2.000000e+00	
314	2.527871e-05	2.000000e+00	
315	2.535959e-05	2.000000e+00	
316	2.545959e-05	2.000000e+00	
317	2.555959e-05	2.000000e+00	
318	2.565959e-05	2.000000e+00	
319	2.575959e-05	2.000000e+00	
320	2.585959e-05	2.000000e+00	
321	2.595959e-05	2.000000e+00	
322	2.605959e-05	2.000000e+00	
323	2.615959e-05	2.000000e+00	
324	2.625959e-05	2.000000e+00	
325	2.635959e-05	2.000000e+00	
326	2.645959e-05	2.000000e+00	
327	2.655959e-05	2.000000e+00	
328	2.665959e-05	2.000000e+00	
329	2.675959e-05	2.000000e+00	
330	2.685959e-05	2.000000e+00	
331	2.695959e-05	2.000000e+00	
332	2.705959e-05	2.000000e+00	
333	2.715959e-05	2.000000e+00	
334	2.725959e-05	2.000000e+00	
335	2.735959e-05	2.000000e+00	
336	2.745959e-05	2.000000e+00	
337	2.755959e-05	2.000000e+00	
338	2.765959e-05	2.000000e+00	
339	2.775959e-05	2.000000e+00	
340	2.785959e-05	2.000000e+00	
341	2.795959e-05	2.000000e+00	
342	2.805959e-05	2.000000e+00	
343	2.815959e-05	2.000000e+00	
344	2.825959e-05	2.000000e+00	

Index   time            V(vin_2)        
--------------------------------------------------------------------------------
345	2.835959e-05	2.000000e+00	
346	2.845959e-05	2.000000e+00	
347	2.855959e-05	2.000000e+00	
348	2.865959e-05	2.000000e+00	
349	2.875959e-05	2.000000e+00	
350	2.885959e-05	2.000000e+00	
351	2.895959e-05	2.000000e+00	
352	2.905959e-05	2.000000e+00	
353	2.915959e-05	2.000000e+00	
354	2.925959e-05	2.000000e+00	
355	2.935959e-05	2.000000e+00	
356	2.945959e-05	2.000000e+00	
357	2.955959e-05	2.000000e+00	
358	2.965959e-05	2.000000e+00	
359	2.975959e-05	2.000000e+00	
360	2.985959e-05	2.000000e+00	
361	2.995959e-05	2.000000e+00	
362	3.000000e-05	2.000000e+00	
363	3.001000e-05	2.000000e+00	
364	3.003000e-05	2.000000e+00	
365	3.007000e-05	2.000000e+00	
366	3.010000e-05	2.000000e+00	
367	3.010246e-05	2.000000e+00	
368	3.010739e-05	2.000000e+00	
369	3.011723e-05	2.000000e+00	
370	3.013693e-05	2.000000e+00	
371	3.017632e-05	2.000000e+00	
372	3.025509e-05	2.000000e+00	
373	3.035509e-05	2.000000e+00	
374	3.045509e-05	2.000000e+00	
375	3.055509e-05	2.000000e+00	
376	3.065509e-05	2.000000e+00	
377	3.075509e-05	2.000000e+00	
378	3.085509e-05	2.000000e+00	
379	3.095509e-05	2.000000e+00	
380	3.105509e-05	2.000000e+00	
381	3.115509e-05	2.000000e+00	
382	3.125509e-05	2.000000e+00	
383	3.135509e-05	2.000000e+00	
384	3.145509e-05	2.000000e+00	
385	3.155509e-05	2.000000e+00	
386	3.165509e-05	2.000000e+00	
387	3.175509e-05	2.000000e+00	
388	3.185509e-05	2.000000e+00	
389	3.195509e-05	2.000000e+00	
390	3.205509e-05	2.000000e+00	
391	3.215509e-05	2.000000e+00	
392	3.225509e-05	2.000000e+00	
393	3.235509e-05	2.000000e+00	
394	3.245509e-05	2.000000e+00	
395	3.255509e-05	2.000000e+00	
396	3.265509e-05	2.000000e+00	
397	3.275509e-05	2.000000e+00	
398	3.285509e-05	2.000000e+00	
399	3.295509e-05	2.000000e+00	
400	3.305509e-05	2.000000e+00	
401	3.315509e-05	2.000000e+00	
402	3.325509e-05	2.000000e+00	

Index   time            V(vin_2)        
--------------------------------------------------------------------------------
403	3.335509e-05	2.000000e+00	
404	3.345509e-05	2.000000e+00	
405	3.355509e-05	2.000000e+00	
406	3.365509e-05	2.000000e+00	
407	3.375509e-05	2.000000e+00	
408	3.385509e-05	2.000000e+00	
409	3.395509e-05	2.000000e+00	
410	3.405509e-05	2.000000e+00	
411	3.415509e-05	2.000000e+00	
412	3.425509e-05	2.000000e+00	
413	3.435509e-05	2.000000e+00	
414	3.445509e-05	2.000000e+00	
415	3.455509e-05	2.000000e+00	
416	3.465509e-05	2.000000e+00	
417	3.475509e-05	2.000000e+00	
418	3.485509e-05	2.000000e+00	
419	3.495509e-05	2.000000e+00	
420	3.505509e-05	2.000000e+00	
421	3.510000e-05	2.000000e+00	
422	3.511000e-05	2.000000e+00	
423	3.513000e-05	2.000000e+00	
424	3.514060e-05	2.000000e+00	
425	3.515128e-05	2.000000e+00	
426	3.516666e-05	2.000000e+00	
427	3.519740e-05	2.000000e+00	
428	3.520000e-05	2.000000e+00	
429	3.520265e-05	2.000000e+00	
430	3.520794e-05	2.000000e+00	
431	3.521805e-05	2.000000e+00	
432	3.523827e-05	2.000000e+00	
433	3.527871e-05	2.000000e+00	
434	3.535959e-05	2.000000e+00	
435	3.545959e-05	2.000000e+00	
436	3.555959e-05	2.000000e+00	
437	3.565959e-05	2.000000e+00	
438	3.575959e-05	2.000000e+00	
439	3.585959e-05	2.000000e+00	
440	3.595959e-05	2.000000e+00	
441	3.605959e-05	2.000000e+00	
442	3.615959e-05	2.000000e+00	
443	3.625959e-05	2.000000e+00	
444	3.635959e-05	2.000000e+00	
445	3.645959e-05	2.000000e+00	
446	3.655959e-05	2.000000e+00	
447	3.665959e-05	2.000000e+00	
448	3.675959e-05	2.000000e+00	
449	3.685959e-05	2.000000e+00	
450	3.695959e-05	2.000000e+00	
451	3.705959e-05	2.000000e+00	
452	3.715959e-05	2.000000e+00	
453	3.725959e-05	2.000000e+00	
454	3.735959e-05	2.000000e+00	
455	3.745959e-05	2.000000e+00	
456	3.755959e-05	2.000000e+00	
457	3.765959e-05	2.000000e+00	
458	3.775959e-05	2.000000e+00	
459	3.785959e-05	2.000000e+00	
460	3.795959e-05	2.000000e+00	

Index   time            V(vin_2)        
--------------------------------------------------------------------------------
461	3.805959e-05	2.000000e+00	
462	3.815959e-05	2.000000e+00	
463	3.825959e-05	2.000000e+00	
464	3.835959e-05	2.000000e+00	
465	3.845959e-05	2.000000e+00	
466	3.855959e-05	2.000000e+00	
467	3.865959e-05	2.000000e+00	
468	3.875959e-05	2.000000e+00	
469	3.885959e-05	2.000000e+00	
470	3.895959e-05	2.000000e+00	
471	3.905959e-05	2.000000e+00	
472	3.915959e-05	2.000000e+00	
473	3.925959e-05	2.000000e+00	
474	3.935959e-05	2.000000e+00	
475	3.945959e-05	2.000000e+00	
476	3.955959e-05	2.000000e+00	
477	3.965959e-05	2.000000e+00	
478	3.975959e-05	2.000000e+00	
479	3.985959e-05	2.000000e+00	
480	3.995959e-05	2.000000e+00	
481	4.000000e-05	2.000000e+00	
